image: hairshop2.pgm
resolution: 0.050000
origin: [-3.090891, -5.487935, 0.000000]
negate: 0
occupied_thresh: 0.65
free_thresh: 0.196

